61289238140008066
61295927600008066
61295926040008066
61295261550008066
61295261530008066
61295261510008066
61295260830008066
61295260770008066
61295260750008066
61294813860008066
61294813840008066
61294243860008066
61289272490008066
61289271390008066
61289242190008066
61289238140008066
61289238090008066
61289236990008066
61289234840008066
61289234820008066
61289224910008066
61289224790008066
61289224730008066
61289224700008066
61289224670008066
61289224640008066
61289224610008066
61289224370008066
61289224340008066
61289224310008066
61289224260008066
61289051660008066